time,x,y,z,phi,theta,psi,x_velocity,y_velocity,z_velocity,phi_velocity,theta_velocity,psi_velocity,rotor_speed1,rotor_speed2,rotor_speed3,rotor_speed4
0.06,-3.009383667104267e-07,1.6450353291825955e-07,10.002712440685007,0.0001738671167093031,0.0002870351203476673,0.0,-2.5874332950178797e-05,1.4783690484361186e-05,0.0904110979900901,0.008141367740318733,0.012953853204227143,0.0,433.0933005906392,434.1811929439414,433.7146965790976,434.3977579040104
0.12000000000000001,-1.1608084629610253e-05,7.194158294183826e-06,10.013192987586736,0.0002074524143882428,0.0010204549920631578,0.0,-0.0004357840516289531,0.00025750221275047127,0.25891653748628535,-0.022354325133987718,0.010721791609941755,0.0,457.84813421276095,457.67042096588165,459.7295141109796,457.30724852686876
0.18,-6.089870746033625e-05,2.2392697947587737e-05,10.031159995692667,6.282534702295287,0.0019127610946103601,0.0,-0.0012844504730791181,0.00014354035107088636,0.33996238877052065,-0.0017371139406570256,0.0220937454757793,0.0,429.43208618042024,430.39538473535157,431.07060379050876,432.8090763901433
0.23999999999999996,-0.00018986052342441576,1.5110745158525088e-05,10.057504998947753,6.282128614732663,0.003872443057977293,0.0,-0.003212153708256765,-0.00041291401824811776,0.5381310464961667,-0.019442946676968335,0.04814007555334571,0.0,466.0841022491116,468.1153163864232,467.91142968030715,466.5313179130425
0.3,-0.0004872807396337215,-3.980044645692972e-05,10.095861683644578,6.281024258920201,0.0063148325394415394,0.0,-0.007022139602959366,-0.0015502324436325308,0.7403139764250737,-0.016408755651876272,0.01854550374735452,0.0,470.78071443834233,468.48627249084467,467.3125606117714,467.5490543476588
0.36000000000000004,-0.0010425225730097318,-0.0001810309409800572,10.143169140304163,6.2799247839886405,0.0073081308117481925,0.0,-0.011592655092231036,-0.003262689772262529,0.836534308117093,-0.022461208613630337,0.012243142055485726,0.0,436.0017356260993,435.4748655262252,437.0763509796498,436.571754249172
0.4200000000000001,-0.001921931224574735,-0.0004633745029198115,10.2003394120632,6.27837137310231,0.008382697080513424,0.0,-0.017831878906020154,-0.0063231781509207555,1.0689516344256123,-0.033822808628997614,0.027341730547906104,0.0,477.07645447506525,478.2276710389121,478.3983377800017,477.53246138707016
0.48000000000000015,-0.003199855000385046,-0.0009658269498731515,10.270776223587244,6.27712658254611,0.009824626567137784,0.0,-0.024947184451979732,-0.010608169073813577,1.278728448333933,-0.0026790345331863703,0.016419774511337797,0.0,471.5856070020394,470.7413403639554,470.8403937763574,473.24333571829885
0.5400000000000001,-0.004915480345473756,-0.0017349288077291374,10.351631330759291,6.277027668851732,0.011359643201608982,0.0,-0.03237903206103708,-0.015041461392718126,1.4162796693757014,0.0003367506754302428,0.03947852715207195,0.0,448.981774639012,450.84861296565396,450.55150132665466,450.7952698525473
0.6000000000000002,-0.00711606435722257,-0.002772034991721745,10.440809086709548,6.276824178552001,0.013437207722972744,0.0,-0.041214115625188535,-0.019536110680996675,1.5561289814617152,-0.012147263642011855,0.022529653632087285,0.0,452.50618734536124,451.14033456367144,451.39682106439227,450.38841638338215
0.6600000000000003,-0.009908239667131924,-0.004095880708826737,10.53985237514459,6.275925816231254,0.014511426611949041,0.0,-0.051996904770576086,-0.02468319899567353,1.745042094764952,-0.021325318598255302,0.00651501284715983,0.0,466.7292223264766,465.4776869872407,467.4847581994626,466.7692192496971
0.7200000000000003,-0.01330649138921113,-0.005719774756200111,10.64596786400761,6.274733726516985,0.01516325626867232,0.0,-0.061327371949701906,-0.029562279454522514,1.79206622479564,-0.01710268593285843,0.01838690986002877,0.0,422.860730082939,423.882010496739,422.1034163319436,422.46764679530514
0.7800000000000004,-0.017281766945239696,-0.007659744195387274,10.755069581934059,6.273317460492429,0.015948537801270035,0.0,-0.07127312355225607,-0.03521386692987624,1.8445714659069525,-0.04161132000144837,-0.0004739472960532563,0.0,426.0072116364195,424.39142304797275,425.44239109640915,423.3386785348303
0.8400000000000004,-0.021946768841008563,-0.010023955435918675,10.872429119740598,6.270919473235605,0.01621572506992308,0.0,-0.08423721254328433,-0.04388300516467895,2.067034131023235,-0.036865253084540237,0.012832331191670304,0.0,476.2528836130822,477.26941005483104,477.8783073582986,478.23921973712476
0.9000000000000005,-0.02732851881543672,-0.012910742454372792,10.998808044829065,6.268449333945043,0.01666367164762228,0.0,-0.095215454593724,-0.05257089862322484,2.145447974317728,-0.05157743500182992,-0.006326650744870135,0.0,434.8955323304657,433.28781053984113,434.9869333965183,433.7522116138972
0.9600000000000005,-0.03334684781567947,-0.016345759955153277,11.128213578812677,6.265343116965875,0.017034901241349765,0.0,-0.10540145429897524,-0.06220974267577308,2.168021917309115,-0.05215864950005403,0.023701470636249028,0.0,414.8231391905611,417.45154351154815,416.44551313590057,416.39274699422435
1.0200000000000005,-0.040068808959817424,-0.02050178406846351,11.26361559754743,6.261900648453384,0.018543383362411348,0.0,-0.11882441291867568,-0.0766872690898018,2.3450214656710013,-0.07065045080307378,0.027875613525195457,0.0,465.45896987922583,465.78558118010375,465.4730767506289,464.02153493443444
1.0800000000000005,-0.04752436053003889,-0.025484486698142586,11.403939693143549,6.257270090039464,0.02007221648051516,0.0,-0.1298317184512134,-0.08977749090105791,2.3324614798152914,-0.09526647978738391,0.020200206371922637,0.0,405.7930158547614,405.1036298435388,406.2628388185551,404.04400141167616
1.1400000000000006,-0.055813577081650266,-0.03153270268754418,11.55078465853115,6.252168276661381,0.021588575857670378,0.0,-0.14663304436689004,-0.11246510750725457,2.561861638410575,-0.06992199292623892,0.03386124257055095,0.0,481.1231114227432,482.15631758188033,480.08316229480215,481.99664264948206
1.2000000000000006,-0.0651128224505581,-0.039004214975590666,11.7096040340222,6.248354518605485,0.023072133972311448,0.0,-0.16354774008448625,-0.13701986036355635,2.731704805657727,-0.05318393864160625,-0.008487329577368731,0.0,466.7500363378262,463.43338880207114,463.9200031990612,465.2295251267823
1.2600000000000007,-0.07538851375414883,-0.047937091080014795,11.875952118281361,6.245789998329016,0.022127487749193264,0.0,-0.17890594826283182,-0.16101592874567588,2.8130230372917255,-0.02740243868330067,-0.037059345989443694,0.0,439.6566425233279,437.282967651664,437.16859124171384,439.3103363222027
1.3200000000000007,-0.08656857450171943,-0.05837008781071768,12.047548752535516,6.2444306918949355,0.02005058494553502,0.0,-0.1935415445172848,-0.18689267190144127,2.9066274411617283,-0.014540086211027106,-0.030127833624496746,0.0,443.04661062336925,443.6156270343194,441.51116635309717,442.5710374768031
1.3800000000000008,-0.09863360915788383,-0.07047456449104578,12.227186666827446,6.244175692742138,0.018034719420914946,0.0,-0.20840342394119168,-0.21663056813040774,3.0808486372344777,0.010926377045950146,-0.04164054626250681,0.0,468.32225174372684,467.4255035889934,466.92090386442294,468.9035092988147
1.4400000000000008,-0.11154120034108153,-0.08436314747829038,12.417263961066086,6.244886030558099,0.015251530228550081,0.0,-0.22154663731771077,-0.2462275860427053,3.2545883241142,0.013604358281313206,-0.05814469510417278,0.0,468.64731339098086,467.3614828562038,469.2409098236095,469.44862395799476
1.5000000000000009,-0.1251255554785963,-0.09989533727317208,12.614736330201021,6.245453451512237,0.01185148206769604,0.0,-0.23092594197201263,-0.27143606438952134,3.327620196772726,-0.0004942022392046578,-0.05386670745800478,0.0,438.08336226155046,438.4366947853494,439.66891930073655,438.4991517846964
1.560000000000001,-0.13926431525052813,-0.11712643556565107,12.821736731691596,6.2451426654673945,0.00870600444639269,0.0,-0.23996610066293644,-0.302925970239876,3.571664492828266,-0.016754805661203048,-0.04968706983522146,0.0,489.9916832073261,490.30080000253275,491.46557129770133,490.2589418240945
1.620000000000001,-0.1538402396614716,-0.1361273208013022,13.03994553596288,6.244690706032957,0.0058693481201226305,0.0,-0.24558672349202898,-0.330495297577188,3.7015480974893573,0.006431736440182081,-0.042849743988797324,0.0,458.58248415819247,459.1240177419223,456.9603174376173,458.805079421068
1.680000000000001,-0.16868118542149912,-0.1566974753292001,13.263600625403825,6.244942537569445,0.0031552470404845323,0.0,-0.2488613436836584,-0.3551412398851017,3.7534536632810287,-0.0006954704679430147,-0.05049047866339827,0.0,434.66070231773017,434.01860231256694,435.64065729479927,435.04418744392797
1.740000000000001,-0.18366569041600744,-0.17875294988244167,13.490629344458538,6.244374725728303,6.283155916893931,0.0,-0.25032457362297467,-0.3800526325574343,3.8139691205925796,-0.03963388868431676,-0.058828078763999446,0.0,438.23772693004076,437.54218560074867,439.6510683787645,436.4127262893722
1.8000000000000012,-0.1986756491016521,-0.20226617904321537,13.719832030102495,6.241756573799668,6.279862174938851,0.0,-0.2497057473621341,-0.40394220780958323,3.8260685040223623,-0.053162209961606664,-0.04800923495499525,0.0,423.05833411854945,423.98669730367226,422.43180703434155,421.2623047238607
1.8600000000000012,-0.21358775621233142,-0.22730078049799288,13.950664410623274,6.238737417846977,6.276959212816989,0.0,-0.24709563392896589,-0.43082912420891983,3.868184928883529,-0.04516786906264212,-0.049140036114877876,0.0,433.3311188886258,433.2345433583591,431.61849554014884,432.2910074945205
1.9200000000000013,-0.22830548668971135,-0.25388943245890255,14.181463439576705,6.236050400137662,6.273819292437864,0.0,-0.24324962030485459,-0.4556854564043892,3.8252458788371744,-0.04402624542277093,-0.05963032934662441,0.0,405.19993436945185,404.2535737978357,404.34252016024465,404.44399556501577
1.9800000000000013,-0.24270590797569605,-0.2821732652373994,14.413033965335094,6.23339578960675,6.270428878770893,0.0,-0.2364289421175301,-0.4873572060687182,3.8935206248676866,-0.0446814818915324,-0.05089789155571292,0.0,440.1447481941027,440.86467357820806,441.65068933562526,441.5955148457877
2.0400000000000014,-0.2566449545288909,-0.3123625268360981,14.647748023392705,6.2306008706841745,6.267620126628039,0.0,-0.22793729549327507,-0.5192002495570397,3.930133369227764,-0.05068170535838657,-0.03969091737401942,0.0,431.39953874464436,432.3434621861572,431.2922669284591,430.783778555186
2.1000000000000014,-0.2700241448594899,-0.34451545934020156,14.884639454247479,6.227701279076504,6.2652149316226,0.0,-0.21781614742464178,-0.5528338743869992,3.966097148077349,-0.043990760743927486,-0.04088967815542671,0.0,430.89970794014096,430.79746925573,432.0097663264827,432.5721042099186
2.1600000000000015,-0.282735479387347,-0.3787862940357579,15.124511690971133,6.224677820062926,6.262818311813415,0.0,-0.20566471524324595,-0.5897858113153932,4.029393976478165,-0.06798199337806991,-0.03811622178873797,0.0,440.805822499077,441.03413996247514,441.407015973521,439.4207194341975
2.2200000000000015,-0.2945912248574729,-0.415567755712382,15.372031954499947,6.220179292329508,6.260731583279355,0.0,-0.1892890298325615,-0.6367113896123353,4.220545438100905,-0.09506353126227401,-0.028824735709959595,0.0,480.25455761263873,480.9584035242879,480.59195590054713,478.5304749074675
2.2800000000000016,-0.30548035279157754,-0.4551012531951136,15.628278219267372,6.215131752827478,6.259321093550085,0.0,-0.17353139950893162,-0.6815907612635312,4.320566261893463,-0.06825229843286569,-0.014569566510838728,0.0,454.0794700053848,455.2216245294621,452.8068539747504,454.95281129438706
2.3400000000000016,-0.31533392998548926,-0.4976098472827138,15.893173173300193,6.211197647963578,6.2587167362077025,0.0,-0.15485418370762719,-0.7357753525980503,4.508486443381416,-0.060680831152817305,-0.0023275740039159568,0.0,481.29138632455897,482.217233383788,480.90372783784915,481.4741052117586
2.4000000000000017,-0.3240973240385966,-0.5433354373573361,16.167623862848625,6.207107093281397,6.2584097337313125,0.0,-0.13724787058158217,-0.7887791268836407,4.63929298019838,-0.09063006342308846,-0.011377833723492386,0.0,466.70794621466786,466.0010528818654,467.06421069305605,464.7186923200871
2.4600000000000017,-0.3318238669195461,-0.5922493410346656,16.448770835673898,6.201533498923201,6.2576004846801645,0.0,-0.12023757148693409,-0.8422109156730622,4.731819507582345,-0.09785051426741495,-0.01808111991065278,0.0,456.00387318163985,455.4681387372091,455.8986050438879,455.3141649376439
2.520000000000002,-0.3384532683089052,-0.64467179054035,16.737707264640072,6.195518296430041,6.256300101499596,0.0,-0.10062819974548437,-0.9058102317747831,4.898598619865301,-0.10554888217568766,-0.03004990433108376,0.0,479.43983898741453,478.529526697932,479.1607503034938,478.5671659656228
2.580000000000002,-0.3439228019484579,-0.7008888958702663,17.034839730903034,6.189322430926861,6.254004646051387,0.0,-0.08150124756326121,-0.9686966578504494,5.005252354602009,-0.09905094734737215,-0.06463355813517424,0.0,464.7202662605403,462.00021366524953,461.5521779675894,462.0559364732585
2.640000000000002,-0.3481200322937309,-0.7612235576810206,17.340626983412175,6.1837086792326605,6.249869564388458,0.0,-0.05797568594121924,-1.0430380224958555,5.186726404813835,-0.0843852713187111,-0.07926617694816275,0.0,486.05257861318483,484.95133674562265,485.7995753621687,486.89145686481135
2.700000000000002,-0.35074691417768367,-0.8263203501051501,17.659016480258725,6.178527223792617,6.245358617911066,0.0,-0.02905874379897019,-1.1273696278706133,5.425017490439493,-0.09062377570800928,-0.06806481702063279,0.0,504.10026465599896,504.905387206625,503.50993916528097,503.0531342507799
2.760000000000002,-0.3516462648396275,-0.8962924861783725,17.988715488244846,6.173705037895857,6.242455481224111,0.0,-0.0005858473791749957,-1.2055109988434036,5.564151326580085,-0.06524135639522176,-0.0247052507885134,0.0,475.97354683116015,479.27910048275504,477.0385074746777,478.96808972169595
2.820000000000002,-0.35092288705926455,-0.9706796464682987,18.32335913812764,6.169496916973193,6.241830845247733,0.0,0.024780534980887923,-1.2744181960527354,5.590408710591765,-0.08235896358096204,0.008814823376794506,0.0,443.2666209143629,446.0132560928564,445.8451620554085,444.4402710979065
2.880000000000002,-0.34885097093439354,-1.0487871433197733,18.655248394561976,6.164296378414093,6.242523714030085,0.0,0.04426386629074719,-1.3295884673566234,5.47304697609678,-0.09711727053741587,0.01651909033041639,0.0,396.3890640884785,397.0964871137567,398.40585942122686,397.0465681465194
2.940000000000002,-0.34550032789656393,-1.130637491520699,18.98303418029809,6.158873464294086,6.243462464414311,0.0,0.06734555748310708,-1.3992431712647853,5.453121329154892,-0.07950466986770506,0.01383959167281742,0.0,429.83697144759236,429.60970377342653,428.4989344288719,429.98653747310044
3.000000000000002,-0.34078147389781893,-1.2167546059003558,19.30957853951223,6.154269028812045,6.244313529878395,0.0,0.08988145191076281,-1.4717397127502256,5.43167884487567,-0.0717204642534974,0.014865299062272394,0.0,428.72260874188316,428.8096630400056,428.9676871831318,429.62340524031174
3.0600000000000023,-0.33465041796854433,-1.307550381601861,19.636735827955757,6.149471902381963,6.245259591231813,0.0,0.11439109789575308,-1.555182016630153,5.4732357300122,-0.10645371560102308,0.017513929310398586,0.0,449.59310960651686,449.80759265800106,450.41307480820825,447.58904896111517
3.1200000000000023,-0.32706195040690184,-1.40347398457668,19.966519821698096,6.143034252108215,6.246697688670855,0.0,0.13842666299844844,-1.6428464200706292,5.519171092429527,-0.10902886480172029,0.03447768169049703,0.0,450.7851934882147,452.15421353839935,451.5574446618886,451.33970648306126
3.1800000000000024,-0.31810893061602263,-1.5046009018208468,20.297759970497935,6.136705133262284,6.248321547307691,0.0,0.15983437564344305,-1.7286159613319652,5.521983346464649,-0.09920758905413558,0.004997906246609099,0.0,439.9262040149397,437.4781100746569,438.03027544053197,438.8364622138827
3.2400000000000024,-0.30796991568214227,-1.6106694577660066,20.627009205207273,6.1308418051624045,6.248526838168962,0.0,0.1781219638582833,-1.8075143105541462,5.45316792136958,-0.09490755343566355,6.582080322952181e-05,0.0,414.3761126358559,413.9421623696273,416.0093598047574,416.3768917939041
3.3000000000000025,-0.2966837466124146,-1.7217965577686059,20.953604645977308,6.125689493674519,6.24850690023599,0.0,0.19808442389390868,-1.8971990839900137,5.4332712786339386,-0.07213316234728362,-0.001140741737435645,0.0,431.1217545952889,431.01978416593914,430.3736424135106,432.2907457182097
3.3600000000000025,-0.2840448548314637,-1.8390952101818063,21.2833842783989,6.121247403876058,6.248094440307025,0.0,0.22320814823693436,-2.0131310017281003,5.558573709078902,-0.07813622147899549,-0.021950668322237143,0.0,478.74653845164227,477.1603646247707,475.85451515694126,475.39078421831493
3.4200000000000026,-0.2699750425047808,-1.9630371083472478,21.6181387126955,6.116735461293313,6.246634052018042,0.0,0.24590480602470016,-2.1186714119343124,5.599505826265109,-0.06989397588644246,-0.02960579095646412,0.0,452.081828992123,451.46439667525084,453.1928737194502,453.85066769599314
3.4800000000000026,-0.2545617403582393,-2.093185386940083,21.954052865288332,6.11261345364797,6.244581380121641,0.0,0.2680347853584035,-2.2199821779871294,5.597452895935217,-0.06641452303940229,-0.04553391187603671,0.0,440.43000635453825,439.1098370736505,439.6648060485317,439.94942339747365
3.5400000000000027,-0.23777337863202538,-2.229524096441175,22.290017410092226,6.108568115502541,6.241507369920477,0.0,0.2918270415438924,-2.325006690246848,5.601144751423903,-0.0695170246544466,-0.06617957741017916,0.0,442.6037071764553,440.89908671876566,442.45789203930906,442.1989104207764
3.6000000000000028,-0.21967453206373044,-2.3715180228415886,22.622086732657106,6.104183188025459,6.2372568862936255,0.0,0.31177277843823076,-2.4085511516728655,5.468314979195446,-0.0813807325852971,-0.0823337366489162,0.0,396.3479188827168,394.8554322553716,397.1520027784892,396.05717179154215
3.660000000000003,-0.20002566071549843,-2.5197081309770852,22.95229472361721,6.0993923271516834,6.232099293505714,0.0,0.3436651409426605,-2.531539792331465,5.537998815654193,-0.07694720029769594,-0.09442507841295932,0.0,463.3477969120876,462.3902228494942,461.79192313403735,462.13671537961886
3.720000000000003,-0.17841305437399357,-2.675182268581958,23.285601417931012,6.094526784842802,6.226394050814839,0.0,0.3772712136720287,-2.6513493864758644,5.57177493859293,-0.09102933116560037,-0.09644496390553665,0.0,452.373829579716,452.203603510635,453.2870169437745,452.14843681087706
3.780000000000003,-0.154597242209675,-2.838199430888862,23.622228935302275,6.0901502445050095,6.2205061574366844,0.0,0.4171413436596998,-2.7829644594415797,5.648435488725478,-0.05048386251838345,-0.10173522091733014,0.0,467.61777695634737,467.1976547755453,464.64132446381757,467.8052136417361
3.840000000000003,-0.1283203837787763,-3.0090522413552443,23.962657152388296,6.087083244479645,6.215607516443429,0.0,0.45924107632943245,-2.912391416508734,5.698636853670998,-0.05241282189005646,-0.05766583008525999,0.0,458.85073197255997,462.33061885302135,459.5844018492882,459.429881516145
3.900000000000003,-0.0998919128007622,-3.1864193189747176,24.299438600686695,6.0841864253229225,6.212101969041617,0.0,0.48864704872336073,-3.000247488014534,5.5280896589527355,-0.041086905823897575,-0.05999005305409899,0.0,386.88619489128723,386.6643048497693,385.5638033381178,386.6307957411138
3.960000000000003,-0.06916605008910949,-3.370452502204398,24.63263063287384,6.081658449663449,6.208048350342596,0.0,0.5358781414235355,-3.1344134479097727,5.57778676216665,-0.04431099405146801,-0.09039288636016428,0.0,461.2418897783755,458.8304096892858,459.3936894665761,459.1370206795411
4.020000000000002,-0.0356305009739381,-3.562309891449306,24.967369546363408,6.078630818422354,6.20224019663787,0.0,0.5824561969731009,-3.2611131798766477,5.579875608952454,-0.06707068387351608,-0.11442037750714312,0.0,447.1567562295942,445.18634715094737,446.12403590191997,444.25960670146156
4.080000000000001,0.0006577000248023839,-3.761466607094362,25.3004045871691,6.074271556908252,6.195645941323361,0.0,0.6276994503331117,-3.377865939272757,5.521266199127435,-0.08718599842454905,-0.10213671853332912,0.0,426.4035014967108,427.44051862277456,426.7123309395035,424.9867516193092
4.14,0.03987987856997561,-3.96798647526769,25.631164034088567,6.068637723372788,6.1904979818262635,0.0,0.6801718872761254,-3.50662817672594,5.503746456209363,-0.11275472807578384,-0.0647747596263281,0.0,438.8094261654817,441.8938466396285,441.02626804262286,438.90088532778657
4.199999999999998,0.08259554464389865,-4.18294447599462,25.96355866454578,6.062134518740615,6.186297567630078,0.0,0.744022140977558,-3.6592161521855004,5.57521590599168,-0.10084059312961197,-0.08333537727684984,0.0,469.77717509403226,468.33187771085636,468.6935874520397,469.6090784959667
4.259999999999997,0.1291677716243804,-4.407057298778025,26.299568760616715,6.055908735521607,6.1807865216422915,0.0,0.8088275703089711,-3.8117457386256124,5.6243599586476405,-0.11035746390041493,-0.12016889687246272,0.0,465.11270594274896,462.21086582167857,464.6573826448006,463.9016208267245
4.319999999999996,0.1795147424679696,-4.639958078005711,26.636328081115757,6.049401393132214,6.1734454704001696,0.0,0.8700119370556347,-3.9522029156000453,5.600551147634422,-0.10490327193809196,-0.1271118532415835,0.0,443.1668091154741,442.5819723576455,441.55019748754273,441.98958353751664
4.379999999999995,0.23371927892161953,-4.881532887539732,26.972115563460513,6.043056251150443,6.166254846546606,0.0,0.9374270207716308,-4.100855431736813,5.591849781838217,-0.10750551398282786,-0.10827630995149941,0.0,447.48908402869006,449.00703567393964,448.14991247222997,447.9286056548114
4.439999999999993,0.292034274187784,-5.132035015942534,27.306842525354423,6.037163578121234,6.1598763156231335,0.0,1.006934464902951,-4.249777399395362,5.565291992767333,-0.08417207279316824,-0.1026417098554867,0.0,443.0248045512926,443.4780176860342,442.68425567236454,444.5919723365517
4.499999999999992,0.3546981262282066,-5.391723249239975,27.640464998299908,6.032832453637402,6.153984641499505,0.0,1.0823546482567228,-4.406940050067309,5.554964915728705,-0.0552120813746229,-0.09052922151511263,0.0,449.5561269557297,450.52852378366555,448.064131130707,450.4085900531951
4.559999999999991,0.4222846086464711,-5.661495522791088,27.975605804792878,6.029113538152348,6.148608460300576,0.0,1.1709686272832034,-4.585759226528727,5.615499710039932,-0.08109712188834221,-0.08781335183096356,0.0,472.8351115511062,473.03816441322533,474.2639988838641,472.2684690977689
4.6199999999999894,0.4953664321590176,-5.942235610818844,28.314845813278684,6.024001884770058,6.143926897606503,0.0,1.2654715159929875,-4.772647479753364,5.69141361868099,-0.0949909135402516,-0.06341999587177966,0.0,479.1602755875229,481.0069311851269,479.9582066865574,478.8968508848298
4.679999999999988,0.5741186699975431,-6.234155729858849,28.65796682308751,6.018192174663895,6.139913879108352,0.0,1.3598713236435196,-4.958509587010965,5.7449429976495,-0.10078000425718607,-0.07490662398275733,0.0,476.47302451968653,475.5907798694001,474.47891916210324,474.02677919817734
4.739999999999987,0.658451406050517,-6.537070233738577,29.00314829852519,6.012334015641056,6.1351139700161195,0.0,1.45155887442403,-5.1391668110908615,5.760277762388772,-0.09199553840040359,-0.09286110342359827,0.0,465.95778794038324,464.5467130970379,465.0921667527958,465.77211365785627
4.799999999999986,0.7484687678349895,-6.851120930721869,29.349774089358693,6.006501507954006,6.1294493975945805,0.0,1.549443430373125,-5.329671056265798,5.792927337555886,-0.1104685021103228,-0.09769906390489055,0.0,471.50077347372473,471.1197466499243,474.51639714385635,473.0881747510999
4.859999999999984,0.8440729835251101,-7.176049399532191,29.695857277386065,6.000505306340294,6.123097372433289,0.0,1.6378222547038177,-5.501876573652617,5.742665073006377,-0.08450477447191977,-0.13197128246049808,0.0,449.7505850783112,446.95485241439667,446.7619279148629,448.86555695559395
4.919999999999983,0.9449923397227313,-7.5112650355004735,30.03827379989461,5.995277133927985,6.11510487397738,0.0,1.726774241935144,-5.672524193741673,5.6708282452964625,-0.09299604331492221,-0.13580184079892338,0.0,443.0916214053492,442.760090308838,441.49352642422264,440.78577970760193
4.979999999999982,1.0508282319741171,-7.855923536985698,30.373239745629828,5.990078372293741,6.107338720166634,0.0,1.801689421360655,-5.816775871665865,5.494963893096111,-0.07628175211625175,-0.11905352998730799,0.0,406.42328883009674,407.9048976592897,405.072829891121,406.5664649960109
5.0399999999999805,1.1629142860157047,-8.212024272337748,30.70646674356338,5.98615913423607,6.100714891845675,0.0,1.935006980570902,-6.053498518470287,5.610932873626319,-0.049420170240874514,-0.09711006153611129,0.0,500.2744240568905,501.8604915466654,501.6812012892637,503.62541460962825
