time,x,y,z,phi,theta,psi,x_velocity,y_velocity,z_velocity,phi_velocity,theta_velocity,psi_velocity,rotor_speed1,rotor_speed2,rotor_speed3,rotor_speed4
0.06,-2.82415222017e-08,1.28927937313e-06,10.0054243275,0.000394163133786,6.28317332046,0.0,-8.99739994188e-07,8.1310964324e-05,0.18079884083,0.00578142480708,-0.0011622730833,0.0,462.74985882946993,462.65838355231915,460.7176344398845,461.17439529330017
0.12000000000000001,-4.04845300884e-06,7.60833398534e-05,10.0251880873,0.0118712783087,0.00068505957783,0.0,-0.000238804404108,0.00396699850135,0.477909508507,-0.0319844871075,-0.0120293781308,0.0,497.0403068217865,496.2434640195073,495.9031555515097,493.1217520896938
0.18,-3.63393371505e-05,0.000600030185548,10.0610300271,0.00996762493797,0.0007198244949,0.0,-0.000854981590246,0.0132624572997,0.716705077672,-0.0313707287581,-0.0228327126194,0.0,480.12883034338836,479.30872890099,478.6718400812906,478.71825151679457
0.23999999999999996,-9.86269732411e-05,0.00162362726326,10.1097441863,0.0086382418078,6.28252683479,0.0,-0.00106434450129,0.0207136735877,0.906969751369,-0.0408039826473,-0.024696221116,0.0,464.24840860181206,464.10215767451365,466.62895830139854,465.8916386436063
0.3,-0.000182843940978,0.00314350338747,10.1722760109,0.0206942211854,0.00769683847746,0.0,-0.00276331830131,0.0314283730154,1.17716510636,-0.000267466034309,0.00848238995248,0.0,487.50724347213725,489.9798274932533,487.33029672993655,490.3503295310613
0.36000000000000004,-0.000538408784287,0.00556978615211,10.2495611347,0.0294964248272,0.00831053763086,0.0,-0.00915752725603,0.0504607948909,1.39873614601,0.0310845001664,0.0110254832457,0.0,475.31374177814894,475.50844781392556,474.08979244743256,476.4923131837645
0.4200000000000001,-0.00124131962248,0.00911532319828,10.3328433409,0.0342013716213,0.0117951571597,0.0,-0.0145825365928,0.068136364626,1.37734697175,0.0113850570043,-0.00861928609227,0.0,399.49519920349417,397.7000224696314,399.6031979961296,397.80374869810555
0.48000000000000015,-0.00238134154957,0.0139801619123,10.420440002,0.0348764715238,0.011403018845,0.0,-0.0233687620627,0.0940950082853,1.54233035732,0.00949253896549,-0.00576436552678,0.0,457.9249020906462,458.1520414390479,460.1693390803062,460.01939002682906
0.5400000000000001,-0.00412728791033,0.0206449892488,10.523712328,0.0407053705663,0.0148213358808,0.0,-0.0353336512234,0.128829373018,1.8995204253,0.0334432763731,-0.0282514983011,0.0,514.6517273698115,513.0578887925809,514.2382145911732,515.931770608973
0.6000000000000002,-0.00655435959843,0.0292347502805,10.6409493923,0.0427128626945,0.0137922065181,0.0,-0.0454702497995,0.157697731248,2.00818728726,0.0309989927592,-0.0384713856858,0.0,443.26909291857436,442.4281296009692,443.99444868728557,443.7942849897749
0.6600000000000003,-0.00953635700605,0.0394895289842,10.7621810296,0.0446423839536,0.013979819217,0.0,-0.0539315073496,0.184304779188,2.03281339596,0.0266699329092,-0.0223237012006,0.0,415.9374177956656,417.34860188944083,416.69598554704737,416.3177257924234
0.7200000000000003,-0.0130998686691,0.0515876745164,10.889614732,0.0462848492091,0.015171592624,0.0,-0.0649650209711,0.219142197717,2.21462836827,0.0229178555605,-0.00605424131019,0.0,465.4912260984982,466.762651534833,466.63958940191856,466.3467017058896
0.7800000000000004,-0.0173402888561,0.0657734041738,11.0270850414,0.047916890765,0.0164726031951,0.0,-0.0765063649183,0.253886561094,2.36739642364,0.0160365345721,0.00692861128687,0.0,457.6511316895223,458.6833225682357,458.67650053168416,458.1296773531009
0.8400000000000004,-0.0221623577923,0.0816845297235,11.1654347914,0.0517202629111,0.0170271067347,0.0,-0.0842697166613,0.276745719109,2.24449625473,0.0333400066872,0.00998237138739,0.0,365.2980168337071,365.60230357649044,365.1415316314257,366.863825700629
0.9000000000000005,-0.0275534971189,0.0993505485881,11.3019523266,0.0656126401432,0.0176553534877,0.0,-0.0954924314601,0.313489538521,2.30587817896,-0.00565526905719,0.0110086987259,0.0,428.7272839770764,428.81435392066646,432.5667627950605,429.2706138358312
0.9600000000000005,-0.0336326026273,0.119450633383,11.4422367014,0.0666719692159,0.0183601742862,0.0,-0.107214137515,0.356617779151,2.37012061198,-0.0198659367009,0.00720949863701,0.0,431.8051506451285,431.4844239402164,431.3265939776613,430.12492727983846
1.0200000000000005,-0.0404038988617,0.142001786986,11.5841521284,0.065539446309,0.0245624200395,0.0,-0.119007450243,0.394985448128,2.36040416352,-0.0181381797302,0.0323495635022,0.0,405.96277070638894,408.2122834341182,406.5728399281201,406.7276106082696
1.0800000000000005,-0.0482326681022,0.167468318796,11.7348808705,0.0685600097671,0.0301044379045,0.0,-0.142696430234,0.454220984223,2.66317341205,0.00289923451937,0.0103272301854,0.0,503.0715043426194,501.47448694509467,502.5927029787788,504.1151820719969
1.1400000000000006,-0.0573205053376,0.195899285788,11.8940057214,0.0733364415141,0.033877970779,0.0,-0.160567756162,0.493858908131,2.64099170112,0.0252308543028,-0.0103639544427,0.0,405.34396391658174,403.48019085980746,403.027580269582,405.04088938119173
1.2000000000000006,-0.0677837933331,0.227332250607,12.0592609783,0.0751286031541,0.03335772518,0.0,-0.18813333601,0.554085673293,2.86694685816,0.0181284443599,-0.0152559817252,0.0,482.77017798617663,482.40105695974063,482.61286519209085,482.07649870521385
1.2600000000000007,-0.0797400398054,0.262085462667,12.2336639301,0.0762780692248,0.032512565139,0.0,-0.210322385155,0.604444941518,2.9462646161,0.0199034933374,-0.0195967232224,0.0,439.87848382068546,439.5189533795096,438.5030127281051,438.650395413587
1.3200000000000007,-0.0931543894283,0.300236900005,12.4172880645,0.0804722187336,0.0313687531965,0.0,-0.236668987543,0.667701828457,3.17388011082,0.0377147803683,-0.0230944296309,0.0,485.5046126705132,485.24216627278486,483.0518650601525,484.39323333839866
1.3800000000000008,-0.10802146882,0.342033491867,12.6112774532,0.088619118264,0.0310873200631,0.0,-0.258849679755,0.726310904865,3.29200551547,0.0631138136454,-0.0127209004426,0.0,453.5134431034833,454.3459488151827,451.52649142322883,453.57223283913726
1.4400000000000008,-0.124182531843,0.387414993267,12.8113547446,0.0924302593726,0.0304531180383,0.0,-0.279787075013,0.786758074475,3.37693363794,0.0598257776881,-0.0180350891318,0.0,443.89483157018805,443.45861694121055,443.96876920047504,443.70167409201815
1.5000000000000009,-0.141724545913,0.436881768043,13.0203857247,0.101526423916,0.0338562376811,0.0,-0.305360362718,0.863114062905,3.58996255879,0.084359299122,-0.0424659362478,0.0,483.32378471140055,481.47880886375293,483.08295668243403,484.9325207095459
1.560000000000001,-0.160789474429,0.490925791021,13.2401761086,0.106588282373,0.031807082502,0.0,-0.329891133474,0.938847033208,3.73583033666,0.0819433349103,-0.0358369305281,0.0,464.69287788344957,465.21149230092476,464.9420222134046,464.75805556608685
1.620000000000001,-0.181219450194,0.54940130416,13.466431795,0.117474179594,0.0326784742677,0.0,-0.35116832319,1.01139032615,3.80562202806,0.0539519121854,-0.0179574143091,0.0,441.4389948429023,442.9117106178182,444.09590730067646,441.797980903883
1.680000000000001,-0.203032556478,0.612727705573,13.6994339735,0.122881729019,0.0338603990166,0.0,-0.376067896074,1.09998782225,3.96046451659,0.06893467635,-0.0356670364309,0.0,471.2567266512251,469.8856962031833,468.066174473465,469.23305980071694
1.740000000000001,-0.226365465729,0.681503154804,13.941865327,0.127092849617,0.0335601255935,0.0,-0.401661076197,1.19290044254,4.11990355309,0.0709662549752,-0.0517739726468,0.0,474.24678261400146,473.0071198363626,470.90548816665904,471.06600851645015
1.8000000000000012,-0.251208603725,0.755953050257,14.1936550395,0.138637240316,0.0304582632242,0.0,-0.426085452692,1.28997477359,4.2722868756,0.0401718029172,-0.0543848842031,0.0,471.73682354284887,471.53352230476,472.86754995976946,470.49163459389155
1.8600000000000012,-0.277452771033,0.8364394565,14.4544923786,0.142287816445,0.0287343882654,0.0,-0.448529912176,1.39321179436,4.42160031942,0.0267130551423,-0.0692287981819,0.0,472.87470473473246,471.72748964941997,472.765911207954,471.72817167334557
1.9200000000000013,-0.304888781022,0.922600732041,14.7201444354,0.145537056734,0.0281675552939,0.0,-0.465934917613,1.47909753294,4.43332333003,0.0114057055987,-0.0496477325677,0.0,429.8768860775567,431.5301478853762,431.211104179318,429.9159461968651
1.9800000000000013,-0.333311730487,1.013741907,14.9850046669,0.146474750029,0.0256290764605,0.0,-0.481289092176,1.55900334533,4.39545212711,0.0158485712617,-0.0434800391324,0.0,414.45574947413587,414.99600233875293,413.7073220379337,414.09827865062465
2.0400000000000014,-0.36259544215,1.10955590944,15.246675357,0.148821253606,0.0247168814649,0.0,-0.494761810783,1.63497328676,4.32710047805,0.0276450725548,-0.0303612614278,0.0,402.3237771518662,403.5090365434286,403.6719961512391,404.73526642545227
2.1000000000000014,-0.392777998158,1.21059266937,15.5084680704,0.150469865163,0.0235853463221,0.0,-0.511198216849,1.73299817428,4.39896234715,0.026923651595,-0.0223822136503,0.0,450.10350948792586,450.7486719533949,448.8798376227096,448.82145765749584
2.1600000000000015,-0.42393185741,1.31757567075,15.7747986286,0.153236046178,0.0229194317345,0.0,-0.527182880685,1.83327428823,4.47830148718,0.0375358667448,-0.0144892953943,0.0,452.68912521165527,453.3239122706669,452.09045900281814,452.94511136103984
2.2200000000000015,-0.456101672446,1.43105068291,16.0486419298,0.155660796196,0.0233722455857,0.0,-0.545195032851,1.94933766492,4.64898592951,0.0410422858818,-0.0283424436056,0.0,482.8583334598415,481.81207879308744,480.20259779521064,480.469152402587
2.2800000000000016,-0.489327669782,1.55113155823,16.3301347668,0.15826962298,0.0304529499663,0.0,-0.563071374637,2.05350295118,4.73359997627,0.0442004210633,-0.0620263462963,0.0,458.18945705413984,455.5024840758975,457.10435728652294,457.356895916069
2.3400000000000016,-0.523699507404,1.67735109273,16.6157113791,0.161361848135,0.0269902781177,0.0,-0.582327503729,2.15401584853,4.78528604593,0.0503666172907,-0.0689284824519,0.0,447.93373241818546,447.36900416173927,447.61451026570325,448.1173500682948
2.4000000000000017,-0.55914827106,1.80950716991,16.903477414,0.164791335736,0.0274980236496,0.0,-0.599321525377,2.25143280335,4.80668399735,0.0420713189715,-0.0464929555799,0.0,436.8500419798209,438.71432444175923,440.15878354256483,439.47304208738694
2.4600000000000017,-0.59580235176,1.94857166008,17.1985019613,0.170171485712,0.029184659371,0.0,-0.622684930364,2.3844917863,5.02624083303,0.022320004657,-0.0709007246163,0.0,500.28237396113747,498.50013133310824,499.99866596392144,498.5578917325698
2.520000000000002,-0.63379884764,2.09526649473,17.5039716832,0.173767458859,0.0264963439614,0.0,-0.643547210174,2.50556884374,5.15531670897,0.00461988060197,-0.0583414597865,0.0,474.63387867456385,475.5939174517395,476.14642446011806,474.7900946827993
2.580000000000002,-0.67283218676,2.24823383271,17.8111826051,0.176164646179,0.0236899879374,0.0,-0.657365948385,2.5935296314,5.08526887924,-0.0125750434765,-0.0687470806761,0.0,413.35205689535115,412.4307809208599,414.04771721214644,412.5318926682928
2.640000000000002,-0.71269059409,2.4068279039,18.1160403475,0.176720336167,0.0195574027111,0.0,-0.670896059122,2.69290749171,5.07663222032,-0.00117887838161,-0.0706614786994,0.0,433.18297522338315,433.01814071055367,432.8504900004734,433.80876126765855
2.700000000000002,-0.753363697955,2.5719876325,18.4237456398,0.178642425232,0.0183307810177,0.0,-0.684720959313,2.8124296811,5.17959762419,0.0131317658936,-0.0528090692283,0.0,468.24725436892396,469.6313688798765,467.6070286022579,468.72062546364765
2.760000000000002,-0.794838067844,2.74405414082,18.7360305217,0.1794370615,0.0236158942217,0.0,-0.698285620579,2.92306088235,5.22952808613,0.0104325340306,-0.0858823147799,0.0,455.0082882245253,452.34934118948803,453.32496649594054,453.1078557725773
2.820000000000002,-0.83717498165,2.92261657389,19.0504712298,0.183264762698,0.0201131787924,0.0,-0.712614179515,3.02924815924,5.25156364055,0.0288704648229,-0.0729595077142,0.0,444.57672358685204,445.62912201013717,444.9448563102874,446.4519997105698
2.880000000000002,-0.880385852402,3.10835828899,19.3703017867,0.184996885051,0.0157635006846,0.0,-0.727251083041,3.16209455333,5.40854722895,0.0288651770974,-0.0719717652756,0.0,486.9408998089928,487.0112195187507,487.44023028313893,487.439992013035
2.940000000000002,-0.924367477483,3.30170143076,19.697431369,0.187821359114,0.0176433742934,0.0,-0.738958121242,3.28276567288,5.49514830757,0.0391779731622,-0.045873377548,0.0,467.06535699825616,469.0940118323265,467.5963709392551,468.399555103665
3.000000000000002,-0.969026518008,3.50172255662,20.0265637956,0.191349761206,0.017062313435,0.0,-0.749644364873,3.3848134548,5.4758550868,0.0499262736269,-0.0632601378546,0.0,436.88025051458914,435.4260288384396,435.2065393335193,436.1064886568134
3.0600000000000023,-1.0143712203,3.70868783754,20.3584127325,0.199356162812,0.0133046681615,0.0,-0.761445501977,3.51468186262,5.58485571804,0.0241753042128,-0.0620117430157,0.0,476.4926184129889,476.58549754754677,477.2239819930489,475.25479984040413
3.1200000000000023,-1.06030050558,3.92285267736,20.6932124401,0.200829113588,0.00968171868449,0.0,-0.769226163006,3.62416865393,5.57506206611,0.0209424541127,-0.0668413801823,0.0,440.49078035690064,440.0881275319426,441.96924010273636,441.7026998963593
3.1800000000000024,-1.10664979591,4.14397195177,21.0292766417,0.202741282494,0.00566413720651,0.0,-0.775369550998,3.74646984715,5.62665790258,0.0286930518813,-0.0688093306325,0.0,461.4586532819539,461.30001776710384,459.76245658374705,460.3762894154996
3.2400000000000024,-1.15325931281,4.37117644498,21.3622334983,0.206603454916,0.00154584160627,0.0,-0.778022865633,3.82732845144,5.47255477149,0.0114209035927,-0.0683749058865,0.0,392.70216882683087,392.738234790722,393.3244812326125,391.7212998025384
3.3000000000000025,-1.19998184791,4.60427704112,21.6908055491,0.207469867786,6.28125434675,0.0,-0.77909826363,3.94262939449,5.479693702,0.00540645313169,-0.0783231469234,0.0,447.1120237451034,446.29668074966133,445.98223926457507,445.49049600709077
3.3600000000000025,-1.24670466334,4.84416831515,22.0192105128,0.209732911927,6.27677936015,0.0,-0.777945489737,4.05383391039,5.46704709785,-0.0110931218872,-0.074197327524,0.0,439.69629451155066,440.03328688936654,441.16682991423954,439.802063443406
3.4200000000000026,-1.29331071496,5.09058735929,22.3461202009,0.210891343911,6.28060093168,0.0,-0.775874477316,4.1601092313,5.42999651714,0.00255016172904,-0.0438659784223,0.0,431.2032323229122,433.7553574370234,431.59223740649657,432.7425633848217
3.4800000000000026,-1.33984191989,5.34348898087,22.6713374224,0.211082196363,6.28029690683,0.0,-0.775127011808,4.26983120879,5.41057840156,-0.00109537542844,-0.0283093139765,0.0,437.3922461082962,438.6854304879989,438.1227794069182,437.81947818892695
3.5400000000000027,-1.38632727247,5.60276711716,22.9945273916,0.211749512762,6.28048981899,0.0,-0.774388418099,4.37273370737,5.36255754916,-0.0117507338307,-0.014395946459,0.0,428.21055157340504,429.39267047748433,428.73122940255666,427.8248123661216
3.6000000000000028,-1.43277828105,5.86754122103,23.3117490567,0.213619491627,6.27971196199,0.0,-0.773929473819,4.45319748974,5.21216041685,0.00466867515388,-0.0190235376055,0.0,392.152689926462,391.7225415517831,392.1621712164774,393.6848443590882
3.660000000000003,-1.47917802798,6.13831178686,23.6251959357,0.22230416706,6.28096316235,0.0,-0.772828633617,4.57314297495,5.23551561798,-0.0283115863724,-0.00323669539528,0.0,449.32347968703425,450.6018641421372,452.12418841447794,449.4586664014225
3.720000000000003,-1.52553273527,6.41670740044,23.9414482578,0.221557403497,6.28247513479,0.0,-0.772463835896,4.70635788676,5.30577541742,-0.0187565937836,0.00992236161328,0.0,465.09834367299044,466.1280122608335,465.99827629363466,466.74465442025377
3.780000000000003,-1.57189760152,6.70269728,24.2603493268,0.221589504333,0.00118073827368,0.0,-0.773191348335,4.82642316183,5.3240547306,-0.00811012200165,0.0212486458474,0.0,450.4854348276433,451.4004503043172,449.93279168089816,450.7941929981052
3.840000000000003,-1.61834292874,6.99562300054,24.5792754699,0.223200745124,0.00439529092546,0.0,-0.77524563496,4.93772882082,5.30674284504,0.00660161104536,0.0353520103389,0.0,439.19837651062755,440.3669640314934,438.89530929164835,440.11496266925934
3.900000000000003,-1.66497550286,7.29490975471,24.8957649229,0.225003873193,0.0124717079937,0.0,-0.779821764673,5.03853480845,5.24304535037,-0.00764761242819,0.00739230459514,0.0,425.17983036365086,422.77728120108776,425.42919943242856,424.20705072219897
3.960000000000003,-1.71198893903,7.60023569592,25.2084358687,0.224544012802,0.0141048662738,0.0,-0.78741589619,5.13884143146,5.17957587762,-0.00999630714313,0.0182003973703,0.0,423.1228489123821,424.0524150799749,424.63098717448787,424.42952489462493
4.020000000000002,-1.75949602251,7.91171004152,25.5180628104,0.223939594506,0.0156858306948,0.0,-0.796292925129,5.24343292317,5.14144749079,-0.0121361074372,0.00924710901419,0.0,432.56820328179566,431.81332155027803,431.9118462096495,431.7314206731941
4.080000000000001,-1.80759594125,8.22991333566,25.8275804336,0.224886857228,0.0169872339311,0.0,-0.807147028499,5.36317797223,5.17548721542,0.000893863110736,0.0175880237258,0.0,453.86686056768804,454.53581851427873,455.65749062461293,456.69828314138994
4.14,-1.85642672172,8.55553925669,26.1402142422,0.22788519198,0.0285069158507,0.0,-0.821625839972,5.49100023428,5.24497429905,0.0185301421795,0.0518444648302,0.0,465.58535178413604,468.2586939128164,466.46759699101545,467.84299335288244
4.199999999999998,-1.90619944675,8.88774834264,26.4522244867,0.229826394572,0.0379299199057,0.0,-0.838152224597,5.58267368708,5.1556405219,0.0273783190501,0.0781926275604,0.0,415.302803607795,417.61096424979223,416.44158144283705,417.215067542036
4.259999999999997,-1.95732570741,9.22670540633,26.7641823655,0.233689664243,0.0485799183548,0.0,-0.86707369656,5.71593631906,5.24212532731,0.0425460870718,0.103758746027,0.0,472.6116722744036,474.5842453867277,472.17479347449415,473.34407203320956
4.319999999999996,-2.01044260424,9.57395381242,27.0823281862,0.238319579536,0.05500030992,0.0,-0.904118269733,5.8591362895,5.36165691916,0.0255124450335,0.107540608143,0.0,484.48441542282916,484.77736259859535,485.7695875816622,484.4908519689117
4.379999999999995,-2.0658464852,9.92952896804,27.4063096533,0.24035764201,0.061993975261,0.0,-0.943328965303,5.99321572045,5.43701104113,0.0322065127843,0.114487855894,0.0,472.6578201035178,473.20290510350975,474.039805206346,474.5541786108594
4.439999999999993,-2.12358623309,10.2925405523,27.7322624851,0.245098959544,0.0708702178536,0.0,-0.982095835814,6.10737306311,5.42770914799,0.012607724739,0.0977218703052,0.0,449.344816383629,447.9936173371341,449.36582226068634,447.7740181120087
4.499999999999992,-2.18394445415,10.6629322202,28.0595943123,0.247295585138,0.0770901306137,0.0,-1.03041191342,6.23890168261,5.48271192752,-0.00179298687531,0.0898704449633,0.0,470.22079400318387,469.6191860145131,469.92341921397593,468.80543022554065
4.559999999999991,-2.2471635784,11.0406340578,28.3878617854,0.252122801141,0.0934075937885,0.0,-1.07822098665,6.35135100869,5.45914452475,-0.027357208836,0.124897815764,0.0,445.09951773468373,447.96666685316404,446.885900111532,444.7967356385613
4.6199999999999894,-2.31381305455,11.4259054498,28.7178063709,0.250474789868,0.101480216445,0.0,-1.14418625927,6.49043930427,5.53835956868,-0.0293640733042,0.11527727248,0.0,479.27199588597506,478.55229123671324,479.4193449606212,479.26665914074744
4.679999999999988,-2.38434850061,11.8188631034,29.0502644038,0.248708789101,0.110592750791,0.0,-1.20777403394,6.60767852104,5.54337331965,-0.0295938690375,0.13035376103,0.0,457.1133093205338,458.3260642180243,457.0015810445307,456.98302531270235
4.739999999999987,-2.45878579569,12.21860675,29.3823784243,0.247029507757,0.1184298671,0.0,-1.27413611666,6.71668575292,5.52702895221,-0.027188112758,0.130982914425,0.0,451.33078672592956,451.3969181019007,450.38698068116946,450.5813441780965
4.799999999999986,-2.53674651808,12.6236018676,29.7087164305,0.245628832633,0.126529101428,0.0,-1.32516693076,6.78303612116,5.35181370407,-0.0229925173406,0.135284150783,0.0,395.81348265532205,396.227722105229,396.42467198189524,396.8099243877439
4.859999999999984,-2.61869495778,13.0340612773,30.0307289943,0.244709578931,0.135413267536,0.0,-1.40723355759,6.89851428195,5.38151122251,-0.0317209657037,0.124413955501,0.0,464.3007785342844,463.46210261161576,464.372668698023,463.68720279007044
4.919999999999983,-2.70598804768,13.4518037321,30.356198621,0.244990184447,0.148402657354,0.0,-1.50371257234,7.02579127576,5.46656394278,-0.0166882733431,0.148988813029,0.0,481.85946195952016,483.7287612665735,480.69624967870794,481.8342279827039
4.979999999999982,-2.79872059332,13.8761272788,30.6826936729,0.245837962762,0.166388455283,0.0,-1.5888437954,7.11814716935,5.41641428665,-0.0328325567619,0.114817958907,0.0,443.31333944085134,440.5135922192826,441.0522239884124,439.7164113132627
5.0399999999999805,-2.89700619182,14.306216084,31.007198677,0.246185444379,0.174360682469,0.0,-1.68801106344,7.21790232242,5.40015945052,-0.0507519869236,0.102153408787,0.0,452.9374653597939,451.92811704571096,453.47990524414064,452.0370634259401
