time,x,y,z,phi,theta,psi,x_velocity,y_velocity,z_velocity,phi_velocity,theta_velocity,psi_velocity,rotor_speed1,rotor_speed2,rotor_speed3,rotor_speed4
0.06,-3.58492681354e-07,-9.21692350066e-08,10.0047022515,6.28302273293,0.000306714881248,0.0,-3.06241881941e-05,-1.1339833906e-05,0.156732380576,-0.00877005565084,0.0137587124478,0.0,454.8985926840212,455.9987411680822,453.989703252641,453.2856573389522
0.12000000000000001,-1.20052291528e-05,-6.30944911247e-06,10.0174337248,6.28235526507,0.00130196373394,0.0,-0.000452477542688,-0.00025725452503,0.267629791916,-0.0163065606574,0.0217169483802,0.0,440.2145139199223,440.87235314802905,440.5319729183516,439.9085792218697
0.18,-6.79607462466e-05,-4.06053319407e-05,10.0344205945,6.28125478272,0.00275076972503,0.0,-0.0015393469308,-0.000981020553801,0.298590982753,-0.0227574495876,0.0286098841803,0.0,414.0305367799704,414.6365592920856,414.9531103737128,414.3865530325151
0.23999999999999996,-0.000225538455162,-0.000145858695334,10.0558829122,6.27967671553,0.00461972205912,0.0,-0.00390129442207,-0.00268023044312,0.416782248885,-0.0345452476765,0.035796561973,0.0,442.6473384429548,443.23859655671697,443.03824150339165,442.06797048349034
0.3,-0.000581339027448,-0.000401281187512,10.0875129136,6.27744853868,0.00652976248528,0.0,-0.00820324902445,-0.00609055899833,0.637451400082,-0.0428985086577,0.0224192616589,0.0,473.08974274421786,472.0590568451657,475.46759313918915,474.8267358691092
0.36000000000000004,-0.00122227796586,-0.000903228626097,10.1300577243,6.27462336065,0.00768537134622,0.0,-0.0132973099211,-0.0109312605186,0.780618723036,-0.0571516722078,0.012045685397,0.0,451.13986868981607,450.3015623635255,451.5325852361375,450.38007070214394
0.4200000000000001,-0.00220007382984,-0.00177018360605,10.1821971516,6.2712848812,0.0087445808986,0.0,-0.0193979705635,-0.0183493779673,0.95722606185,-0.0527809901785,0.027003957363,0.0,461.40548055586703,462.5846566847728,460.2829265838725,460.62666378002615
0.48000000000000015,-0.00355116470852,-0.0031293798249,10.2426672006,6.26831085791,0.0099696974555,0.0,-0.0257882691793,-0.0272690661537,1.05834806803,-0.0438116959338,0.00206710741942,0.0,440.0395290080357,437.9706309058487,437.0653679302461,437.8105721167139
0.5400000000000001,-0.005301335742,-0.00507485604884,10.308727582,6.26657215123,0.0107239867037,0.0,-0.0325994034768,-0.0377869499581,1.14357891523,-0.00926316183272,0.0279831529204,0.0,432.0908401047394,434.2698426692612,432.09802994955646,434.9999456512875
0.6000000000000002,-0.00758168012745,-0.00783111013243,10.3889340601,6.26565458593,0.0131851480538,0.0,-0.0437176695396,-0.0541813223694,1.52953097971,-0.03145541794,0.0590460030143,0.0,520.5544793982427,522.7239305021811,521.3754490024828,519.8229144767865
0.6600000000000003,-0.0105093189246,-0.0114756199492,10.4850533495,6.26353529255,0.0165773540533,0.0,-0.0542447728449,-0.0675147626286,1.67423445334,-0.0444615394762,0.0509780624252,0.0,453.4591316964741,452.8127238068604,453.798688578342,452.7530093132643
0.7200000000000003,-0.0141812133837,-0.0160167837337,10.5921773704,6.26067726506,0.0196249198025,0.0,-0.0685124483041,-0.0841809805249,1.8962105932,-0.0548806534411,0.0504196972895,0.0,476.4966699741685,476.45543722265336,477.4735808257015,476.6768660374116
0.7800000000000004,-0.0187301152566,-0.0215694864127,10.70999029,6.25707678754,0.0225953788763,0.0,-0.0834342038099,-0.101269876032,2.03064066073,-0.0729900659212,0.0476188353118,0.0,450.69679918500583,450.4718740050949,452.68711446151,451.22502015557325
0.8400000000000004,-0.0241860189038,-0.0281678137459,10.8335618387,6.25279929219,0.0263026143612,0.0,-0.0987500464475,-0.119085592173,2.08828600845,-0.0680960162071,0.0808898294452,0.0,426.2186026795559,429.05518917772304,427.10791826675865,427.5209560954315
0.9000000000000005,-0.0306686164469,-0.0359512168724,10.961685055,6.24870197121,0.0310089788231,0.0,-0.117815804928,-0.140769076965,2.18228322097,-0.0686766254518,0.0730264720308,0.0,439.75092818831104,439.1040853720566,439.4824901979169,439.43079176036673
0.9600000000000005,-0.0383911926314,-0.0451210893514,11.0954814526,6.24432540664,0.0349852095228,0.0,-0.140026641719,-0.165314909866,2.27737848829,-0.0832359585277,0.0472149290428,0.0,441.04444252669725,438.91067607716474,441.09891793599326,439.89070321263887
1.0200000000000005,-0.0475358067863,-0.0558711399653,11.2353505961,6.23968825124,0.0381432183968,0.0,-0.165097026656,-0.193505344873,2.3846719034,-0.0674649082949,0.0617149151589,0.0,444.1033232199476,445.2927934628776,443.76671747066126,445.0545056687592
1.0800000000000005,-0.0584109831185,-0.0685807362644,11.3855943353,6.23567304987,0.0436657448584,0.0,-0.197991324854,-0.230617693522,2.62288299079,-0.0658524545078,0.122192018928,0.0,481.65497531626886,486.21215450731904,484.83718385383236,484.9553750320606
1.1400000000000006,-0.0714038790788,-0.083609972177,11.549989835,6.23153939402,0.0508936839384,0.0,-0.2359672564,-0.270819287279,2.85633715125,-0.0757988779101,0.116771599375,0.0,483.69151445700277,483.2949360135585,485.3157991584529,484.56548597302685
1.2000000000000006,-0.086541855576,-0.100842316411,11.7224384354,6.22793905723,0.0579279943526,0.0,-0.269276929297,-0.303952467976,2.89179438945,-0.0394444002964,0.118155480824,0.0,424.31481075840543,424.4466336819227,423.36518948630527,426.47846604174794
1.2600000000000007,-0.103777017405,-0.120092165143,11.8964388043,6.22524103729,0.0647774655828,0.0,-0.305852684524,-0.337929508689,2.90811262647,-0.059290010142,0.104651213341,0.0,419.1877075987019,418.0249499728155,419.5491631334771,417.8210877844138
1.3200000000000007,-0.123352686262,-0.141454702216,12.071769057,6.22156649609,0.0706295421366,0.0,-0.347225631841,-0.374479327626,2.93608403674,-0.0654626718064,0.0768957802464,0.0,424.43481463423547,422.0543023238003,422.5580871767965,422.0227146115582
1.3800000000000008,-0.145873501086,-0.16539233115,12.2537792627,6.21753390078,0.0754394110521,0.0,-0.40397934437,-0.423868667662,3.13031843302,-0.0709538587203,0.0860064452637,0.0,474.1009913746978,474.80517200226274,475.68689449385573,475.2631393991931
1.4400000000000008,-0.171718556238,-0.192218595688,12.4448651386,6.21341880948,0.0803393361151,0.0,-0.458021661257,-0.470749682463,3.23881347685,-0.064226337837,0.0711504113468,0.0,450.82332736671214,449.6265633484449,449.9943694577748,450.53513700043584
1.5000000000000009,-0.200855949799,-0.221898735,12.6418331629,6.20983330987,0.0846228501496,0.0,-0.513633990599,-0.518940198215,3.32644501606,-0.0520595026112,0.0718702997067,0.0,444.8451843177301,444.90804259348937,443.70690366089536,444.7020934508582
1.560000000000001,-0.233157133772,-0.254315414399,12.8410046918,6.20631270212,0.0892920222499,0.0,-0.563461759449,-0.561896317862,3.3125640539,-0.0771499226889,0.0876394777126,0.0,411.5048908601687,412.90374379832826,412.9182121521652,410.6957397938958
1.620000000000001,-0.26857619133,-0.289411010756,13.0398015958,6.20237755559,0.0955951190061,0.0,-0.617691707507,-0.60832266284,3.31388469226,-0.0490480823002,0.126966313852,0.0,415.1302129170427,418.5766013368255,416.4864501757773,418.93337409624826
1.680000000000001,-0.307527319953,-0.327489164511,13.2402908765,6.20008488171,0.102725594288,0.0,-0.681377651857,-0.661176240491,3.36879782467,-0.0224415079032,0.092995760635,0.0,436.7404286260479,433.9101095240314,434.0462492867697,436.27262465513775
1.740000000000001,-0.350846718927,-0.369109874063,13.448035633,6.19908109571,0.108322219426,0.0,-0.763186881,-0.726263268263,3.55533080043,-0.00723407601774,0.0938334779526,0.0,475.256781468157,475.3277230721452,477.11626686007406,478.27602405402206
1.8000000000000012,-0.398996189175,-0.414494894351,13.6650463658,6.19831963492,0.113786079474,0.0,-0.842340131062,-0.786595800731,3.67784634886,-0.0267922006348,0.0848591735163,0.0,458.50119458025677,457.79428070851935,459.87788169108336,458.3260881690072
1.8600000000000012,-0.451892551032,-0.463433019546,13.8883648667,6.19714279944,0.119058472245,0.0,-0.921361580591,-0.844785633753,3.76568428274,-0.00815349689594,0.0933032332931,0.0,448.4407013698474,449.1324237949795,448.3267944296515,449.8387353465308
1.9200000000000013,-0.509855286598,-0.516035946993,14.1187048381,6.1967205077,0.124931932645,0.0,-1.01129805501,-0.908650053945,3.91167045219,-0.00489595018821,0.105765832291,0.0,467.519695662095,468.497380760324,467.33324743233953,467.5872187365205
1.9800000000000013,-0.572940989746,-0.572201239789,14.3545736934,6.19663654586,0.1320382119,0.0,-1.09217709547,-0.963530380788,3.95033861962,0.0048093452892,0.136096837926,0.0,434.4635697064753,437.01177566440816,434.88751443634845,435.69978429193816
2.0400000000000014,-0.641081604009,-0.631698527257,14.593190339,6.19711606353,0.139669218985,0.0,-1.17991745603,-1.01965699708,4.00318396733,0.0136988099066,0.0959562558374,0.0,442.94193352899237,439.64209832649635,439.8297136684881,440.56528091565747
2.1000000000000014,-0.714589114144,-0.694530102849,14.83468547,6.19760171219,0.145931271066,0.0,-1.27088204932,-1.07465227699,4.04634379254,-0.00652341620465,0.117360457823,0.0,437.8034108257303,439.590281512794,438.90975159251497,437.2279798457748
2.1600000000000015,-0.793708050256,-0.760673712496,15.0789365043,6.19691580545,0.153102824965,0.0,-1.36706457742,-1.13016592263,4.09498215198,-0.0237097311177,0.123535061092,0.0,439.4351737728046,439.95976899295874,442.7406708053699,441.324353376404
2.2200000000000015,-0.878418177023,-0.829987048662,15.3240213338,6.19553359889,0.160914984448,0.0,-1.45726543173,-1.18040041074,4.0743786143,-0.0217238828073,0.14098729611,0.0,418.020829584598,419.5554877730589,418.81708523671784,418.9897105703245
2.2800000000000016,-0.969572607732,-0.902816060577,15.573268246,6.19463472294,0.169107333511,0.0,-1.58204214998,-1.24729109913,4.23296443507,-0.00408831595035,0.125708986003,0.0,476.3312538718643,475.17710192238286,475.83836004649754,477.1867028347834
2.3400000000000016,-1.06754082621,-0.979234864483,15.8270365337,6.19424614064,0.176467339368,0.0,-1.68421798056,-1.30002967898,4.225773733,-0.0117406262817,0.115764920332,0.0,425.64832312543905,424.8106787878401,426.31351376819623,425.65917235604684
2.4000000000000017,-1.17250202841,-1.05918674772,16.0844001482,6.19515457608,0.183024473489,0.0,-1.81512490988,-1.36494787115,4.35225056292,0.0434863527305,0.091389573921,0.0,469.7846535115646,467.9001874401394,466.42481120238,470.7186099854822
2.4600000000000017,-1.28478225253,-1.14268820506,16.3457061926,6.19790864923,0.18870021609,0.0,-1.92804984897,-1.41820291559,4.35773441882,0.0503382669975,0.100336454038,0.0,432.0167337811816,432.7783832470567,431.07954940719924,431.65953008497996
2.520000000000002,-1.40438375187,-1.22953014956,16.6095847254,6.20094276574,0.194684838715,0.0,-2.05921103178,-1.47620741492,4.4376614893,0.051025196508,0.0985320463593,0.0,456.5725755852597,456.4368579190882,456.15362832307886,456.2100343844551
2.580000000000002,-1.53225461868,-1.31990675966,16.8796058769,6.203563454,0.20050773422,0.0,-2.20368060004,-1.53600192325,4.56226776632,0.0219394136673,0.0939046072302,0.0,471.0278603698471,470.6772893604212,472.8667359848826,470.62141455931754
2.640000000000002,-1.66776639742,-1.41337451828,17.1514217967,6.20557499547,0.206031319271,0.0,-2.31388760007,-1.57948525352,4.49830837597,0.0500905967387,0.0880912450075,0.0,412.4614267970236,411.95546228970653,410.11629970411536,412.6100391011859
2.700000000000002,-1.81064576252,-1.50966059421,17.4225124628,6.20915966395,0.211356609197,0.0,-2.44923844095,-1.62973790272,4.5376396281,0.0742011048596,0.0900491510075,0.0,445.84055131370144,446.00703914953897,445.5378647905552,447.5074169004913
2.760000000000002,-1.96156681507,-1.60882995246,17.6950598522,6.21334973836,0.216552311394,0.0,-2.58195236921,-1.67553538534,4.54699940136,0.0592419320071,0.0785995212996,0.0,436.85561655588555,435.90601158040164,438.95941086946493,437.71981496387804
2.820000000000002,-2.12131277376,-1.71091757939,17.9715771324,6.21658616624,0.220949395727,0.0,-2.74330607561,-1.72700032469,4.66943912625,0.0403763011354,0.0596787799336,0.0,474.58549396991486,473.13453105236187,474.14397782973646,472.69386509674547
2.880000000000002,-2.29126023289,-1.8161551793,18.2572635682,6.2185621586,0.225076514059,0.0,-2.92189813059,-1.78061492889,4.85231898756,0.010722479388,0.082609072621,0.0,492.2430833125185,493.9401980588212,494.4957575492451,492.30646807128653
2.940000000000002,-2.47104560536,-1.92429689942,18.5495858914,6.21941079157,0.229623782506,0.0,-3.07138308478,-1.82403268596,4.89125448701,0.0202327907941,0.056454671538,0.0,452.19904235525655,450.0911248483032,451.9228414221569,452.68877899183275
3.000000000000002,-2.65963551865,-2.03495896799,18.8431086108,6.22074658177,0.233391746815,0.0,-3.21530412438,-1.86460112631,4.89254721381,0.0260422746709,0.073158581903,0.0,439.7899741653158,441.17442145648124,440.4767153352,440.9570030179867
3.0600000000000023,-2.85791990777,-2.14828798826,19.1407525531,6.22215610588,0.23785386755,0.0,-3.39453179842,-1.91283943328,5.0279064997,0.0178302712116,0.0766839793573,0.0,482.34769517226465,482.6177390398015,484.1487296211667,483.53038472418854
3.1200000000000023,-3.06608549049,-2.26423961951,19.4424321886,6.22297098638,0.242101282165,0.0,-3.54475447344,-1.95213863828,5.02773628905,0.00333203868853,0.055143844032,0.0,443.9606655341369,442.1931600041403,443.4820539997239,442.289260026829
3.1800000000000024,-3.283186089,-2.38250044663,19.7433920305,6.22281826397,0.245007657063,0.0,-3.69228380526,-1.98989749868,5.00405200894,-0.0181446948897,0.0295985326713,0.0,436.1766747229792,434.039008982738,437.731422738584,435.94020713074235
3.2400000000000024,-3.51014267989,-2.50326365536,20.0466425684,6.22151050279,0.246469769018,0.0,-3.87304675194,-2.03563622552,5.10346750625,-0.0303365373604,0.011039610676,0.0,476.83066673760896,475.4105629458946,475.38144962798833,474.4461521761419
3.3000000000000025,-3.74665131413,-2.62647291449,20.3505005455,6.21935122059,0.246988961614,0.0,-4.01080953532,-2.07151593731,5.02524995053,-0.0507656817521,0.00339308870361,0.0,418.70371862388737,418.03768694893114,422.0556039201601,420.2875418023145
3.3600000000000025,-3.99223161184,-2.75207052723,20.6526964236,6.21684115448,0.247102110065,0.0,-4.17528266004,-2.11531251228,5.04752966011,-0.028214331844,-0.00131361251641,0.0,453.3356068797918,452.95714025187533,451.77593783506074,453.58993295855515
3.4200000000000026,-4.24777419807,-2.88035733344,20.956453683,6.21541251563,0.247277136008,0.0,-4.34287925941,-2.16105256628,5.07726750723,-0.0162059202843,0.0102623780184,0.0,455.9976977280039,456.92163542019256,455.3775505557764,456.3372430430497
3.4800000000000026,-4.51502214343,-3.01184902873,21.2683350562,6.21499085656,0.248778019799,0.0,-4.56530520359,-2.22200241719,5.31713322933,0.00688578892245,0.0446583770031,0.0,518.3037590646285,520.7159270989141,518.8142190184709,520.4333532221582
3.5400000000000027,-4.79456805556,-3.1467063521,21.5901678395,6.21523819981,0.251421715865,0.0,-4.75312631369,-2.27317961043,5.40970403461,-0.00207374824135,0.0428408767706,0.0,480.4990191342318,480.3621223864844,480.03641508869305,479.3558439013827
3.6000000000000028,-5.08461030353,-3.28440844526,21.9141887304,6.21568474469,0.253888818598,0.0,-4.91529746987,-2.31688808353,5.39070105659,0.0217468687743,0.0374304178545,0.0,446.91548370768055,446.475046821353,446.3619571569044,448.3021066880755
3.660000000000003,-5.38403135337,-3.42461613111,22.2353936524,6.21655828224,0.256408661073,0.0,-5.0658202262,-2.35665608604,5.31617143004,-0.00643502175813,0.0498447006611,0.0,428.976953955344,430.03109623790664,430.0877115302939,427.69348095593074
3.720000000000003,-5.69336643313,-3.56741085522,22.55514867,6.2160575409,0.258951648771,0.0,-5.24568711741,-2.40320194467,5.34172394547,-0.0124706892182,0.0200845736474,0.0,463.07156442672766,460.7248644595015,462.0982796076607,461.62225956722415
3.780000000000003,-6.0137486426,-3.71305687413,22.8770546465,6.215711361,0.260563863518,0.0,-5.43393018419,-2.45170338884,5.38779076337,0.0050691321593,0.0378190777891,0.0,469.48634163306684,470.86075182147175,468.14059353028784,469.50380738407006
3.840000000000003,-6.34555656352,-3.86163500935,23.2018899994,6.21570715205,0.26261132486,0.0,-5.62660516456,-2.50087200313,5.43929326639,-0.0131007947081,0.0254646353573,0.0,473.0722180869828,472.1201350790787,473.36680260681425,471.9662004292406
3.900000000000003,-6.68876315823,-4.01311086544,23.5288710809,6.2145479619,0.264386703149,0.0,-5.81389258142,-2.54840240982,5.45948792729,-0.0362048992392,0.0367727963296,0.0,464.17731449500064,465.0643241891538,465.2114502025469,463.3983794284192
3.960000000000003,-7.04420045753,-4.16770025681,23.8603745403,6.21215492757,0.266532644322,0.0,-6.0341871172,-2.60475624064,5.58927857062,-0.0484994492101,0.0336717756356,0.0,499.73957798644403,499.513847625929,498.70554936094106,497.80585729609146
4.020000000000002,-7.41193809099,-4.32546314521,24.1959222429,6.20879025014,0.268117637746,0.0,-6.22405440972,-2.654262028,5.59504566721,-0.0789567220997,0.00511043782548,0.0,465.12548865632306,462.88279383904313,465.282617056855,462.8890443209392
4.080000000000001,-7.79076990107,-4.48616210843,24.5304106868,6.20398900166,0.26842013663,0.0,-6.40396858535,-2.70275997232,5.55429532426,-0.0822373146689,0.00490370532126,0.0,450.65623796680234,450.63943194662414,450.28334619358714,450.0127398372477
4.14,-8.18024201619,-4.64978812381,24.861617288,6.19926357905,0.268570610817,0.0,-6.57878803877,-2.75183011908,5.48581630276,-0.0725779548246,-0.00277549787009,0.0,442.36036082711473,441.7273260027826,441.385661570022,442.17730667140313
4.199999999999998,-8.58029801801,-4.81644174307,25.1887810698,6.19527588732,0.268168399986,0.0,-6.75675152901,-2.80363667169,5.4195454083,-0.0564119413338,-0.0160220857793,0.0,442.75992431664054,441.6685370798201,442.8339774417122,444.15875679460635
4.259999999999997,-8.99075421095,-4.98615842173,25.51070177,6.19216749483,0.266890003488,0.0,-6.92551664368,-2.85387630953,5.31136283396,-0.0439028314942,-0.0348185615634,0.0,429.9900920162747,428.39422793012267,428.1534859398106,429.214859874026
4.319999999999996,-9.41267506998,-5.1593673314,25.8307756832,6.18919653088,0.265828955487,0.0,-7.13860992247,-2.91999295243,5.35703565268,-0.0641560752266,0.00401513661247,0.0,476.2286988008738,479.19054118652,479.2469628691409,477.7032191932023
4.379999999999995,-9.84734978527,-5.33657624261,26.153199494,6.18518069502,0.265892331736,0.0,-7.35079062127,-2.98730011117,5.38963058204,-0.0731508699259,-0.00563863352197,0.0,476.37077525775476,475.6317974086586,475.81096173983934,475.11861025976896
4.439999999999993,-10.2945381957,-5.51779745858,26.4764509264,6.18041393474,0.265537495305,0.0,-7.55578001716,-3.05378798978,5.38486034577,-0.0966142893709,-0.0064703443528,0.0,465.3480171597983,465.28299151315196,467.07917674312256,465.2401886461919
4.499999999999992,-10.7539202504,-5.70302977315,26.7986962086,6.17415143221,0.265055195375,0.0,-7.75729454599,-3.12111070806,5.35620070934,-0.128183744936,-0.0113748420995,0.0,460.3175430388293,459.92927455842465,459.900556207109,457.3827278191645
4.559999999999991,-11.2257731811,-5.89253620226,27.120268659,6.16723043168,0.264777041955,0.0,-7.97142110492,-3.19636676712,5.36214731452,-0.0975316194474,0.00625307462298,0.0,470.6604782949,472.02327102637975,470.0434641877909,472.4019183254086
4.6199999999999894,-11.7099777807,-6.08642674319,27.4399948286,6.16161789786,0.265569085223,0.0,-8.16923340558,-3.26711182261,5.29509306214,-0.0865701502223,0.0243628267172,0.0,448.9674624728436,450.43473973729874,449.06415697766334,449.94535646670107
4.679999999999988,-12.2060610408,-6.28460817217,27.7552795256,6.15633682515,0.266954933709,0.0,-8.36746029848,-3.33935739523,5.21412509245,-0.0910808110121,0.0204387383267,0.0,445.54212634594904,445.221126495693,446.3299594065072,445.9551493872306
4.739999999999987,-12.7148109352,-6.48751528589,28.0680191302,6.15124607593,0.268315412092,0.0,-8.59134182849,-3.42463013754,5.20971054321,-0.0746365656028,0.0268079527019,0.0,471.2129802467481,471.7052305893155,469.78391159050756,471.052030159576
4.799999999999986,-13.2364031649,-6.69528558979,28.3778436303,6.14708280174,0.269535593666,0.0,-8.79571823833,-3.50140897485,5.1175399695,-0.0605492992485,0.00245013409493,0.0,445.6744595506215,443.6784898127451,443.6652784105237,444.81702733139076
4.859999999999984,-13.7695755334,-6.90733212927,28.6791827805,6.1434910075,0.270594520122,0.0,-8.97751649045,-3.5671732794,4.92757475188,-0.0585258314092,0.0376940824909,0.0,409.50037962410886,412.6246849489769,411.2593771600985,411.4357859279318
4.919999999999983,-14.3144217008,-7.12369566153,28.9713245246,6.13952553923,0.27329956972,0.0,-9.18480712804,-3.64526626845,4.8103031443,-0.0888990026332,0.0568140568526,0.0,434.65543357627337,436.2565384458717,437.0864242705651,434.5431934865946
4.979999999999982,-14.8711493071,-7.34444853515,29.2538508802,6.13409509089,0.277053054924,0.0,-9.37373049197,-3.71359493512,4.60748200906,-0.0939331927692,0.0720954283779,0.0,404.9450355027022,406.3209957070539,407.0338363235541,406.57519262487085
5.0399999999999805,-15.4408565284,-7.57014851894,29.5292697615,6.12876723464,0.281271895033,0.0,-9.61728960119,-3.81013163552,4.57213317868,-0.0801223583589,0.0664914181988,0.0,462.16925542878084,461.7307863715669,463.24099156278913,464.31974219335893
